-381.1 0.01000783161114407
-375.4 0.010007240390333055
-369.7 0.01000838025499548
-364.0 0.010009815451699254
-358.3 0.010008192636239269
-352.6 0.010008468238386442
-346.9 0.010009921382774139
-341.2 0.010010432613207254
-335.5 0.010012677656167774
-329.8 0.010008237447463516
-324.1 0.010014066716763368
-318.4 0.010008717113032821
-312.7 0.010012682417011507
-307.0 0.01001990133524581
-301.3 0.010011807211805022
-295.5 0.0100155110616046
-289.8 0.010009401697687463
-284.1 0.010017016439173153
-278.4 0.010021895102139368
-272.7 0.010011781720025462
-267.0 0.010021526835811822
-261.3 0.010027808845438876
-255.6 0.010014739391367291
-249.9 0.010021956835901513
-244.2 0.010035369280682684
-238.5 0.010018187703911415
-232.8 0.010026865476651858
-227.1 0.010044609516743314
-221.4 0.010022921579631949
-215.6 0.010033588734785595
-209.9 0.010050046834410202
-204.2 0.01002853612083574
-198.5 0.010040944772583984
-192.8 0.010063727959302795
-187.1 0.010036709276735199
-181.4 nan
-175.7 nan
-170.0 nan
-164.3 nan
-158.6 nan
-152.9 nan
-147.2 nan
-141.5 nan
-135.7 nan
-130.0 nan
-124.3 nan
-118.6 nan
-112.9 nan
-107.2 nan
-101.5 nan
-95.8 nan
-90.1 nan
-84.4 nan
-78.7 nan
-73.0 nan
-67.3 nan
-61.6 nan
-55.8 nan
-50.1 nan
-44.4 nan
-38.7 nan
-33.0 nan
-27.3 nan
-21.6 nan
-15.9 nan
-10.2 nan
-4.5 nan
1.2 nan
6.9 nan
12.6 nan
18.3 nan
24.1 nan
29.8 nan
35.5 nan
41.2 nan
46.9 nan
52.6 nan
58.3 nan
64.0 nan
69.7 0.01
75.4 0.01
81.1 0.01
86.8 0.01
92.5 0.01
98.2 0.01
104.0 0.01
109.7 0.01
115.4 0.01
121.1 0.01
126.8 0.01
132.5 0.01
138.2 0.01
143.9 0.01
149.6 0.01
155.3 0.01
161.0 0.01
166.7 0.01
172.4 0.010015126101987116
178.1 0.010017887790888842
183.8 0.010010017123761818
